207
208
209
210
210
210
211
211
212
213
214
214
215
216
217
218
219
220
220
220
220
220
220
220
221
223
224
225
226
227
228
229
230
231
232
233
234
235
236
237
238
239
240
241
242
243
244
245
246
247
248
249
250
251
252
253
254
255
256
257
258
259
260
261
262
263
264
265
266
267
268
1
2
1
1
2
3
1
2
3
1
1
1
2
3
4
5
6
7
8
1
2
3
1
1
2
3
1
2
1
1
1
2
3
1
2
1
2
3
4
5
6
7
8
9
10
11
12
13
14
15
16
17
18
19
1
2
3
4
1
1
1
2
3
1
1
2
3
4
1
2
3
1
2
3
4
5
6
7
8
1
2
3
4
5
6
6
7
8
9
9
10
10
11
1
2
3
4
5
1
2
3
4
5
6
7
8
9
10
11
12
13
14
15
1
2
3
4
5
6
7
8
9
10
11
12
13
14
15
